0 0.15 0.0828125 0.3 0.165625
0 0.09140625 0.2484375 0.1828125 0.17578125
0 0.48359375 0.0703125 0.3796875 0.140625
0 0.3421875 0.23359375 0.446875 0.2671875
0 0.69453125 0.22109375 0.49375 0.2984375
0 0.17578125 0.43203125 0.35078125 0.2484375
0 0.5296875 0.44921875 0.353125 0.22578125
0 0.85078125 0.42734375 0.2984375 0.2515625
0 0.1234375 0.6203125 0.246875 0.22265625
0 0.35703125 0.646875 0.43203125 0.21953125
0 0.7265625 0.6734375 0.50859375 0.23515625
0 0.10390625 0.82890625 0.2078125 0.17578125
0 0.35078125 0.81796875 0.365625 0.19140625
0 0.67578125 0.84296875 0.34375 0.15390625