0 0.15859375 0.12109375 0.27265625 0.24140625
0 0.63828125 0.12265625 0.3171875 0.24453125
0 0.34765625 0.1265625 0.321875 0.2046875
0 0.1609375 0.26171875 0.3171875 0.1828125
0 0.64140625 0.27109375 0.3109375 0.22578125
0 0.23984375 0.44765625 0.3421875 0.22578125
0 0.875 0.07890625 0.25 0.1578125
0 0.89453125 0.20546875 0.2109375 0.2
0 0.88671875 0.3421875 0.2265625 0.16875
0 0.89453125 0.5234375 0.2109375 0.19453125
0 0.66484375 0.4734375 0.30859375 0.21015625
0 0.1453125 0.60234375 0.27265625 0.1765625
0 0.4625 0.3484375 0.3484375 0.25703125
0 0.40546875 0.59609375 0.27265625 0.25703125
0 0.13125 0.72734375 0.26171875 0.1984375
0 0.38203125 0.71953125 0.275 0.1890625
0 0.08125 0.85546875 0.1625 0.13125
0 0.3 0.86875 0.284375 0.10859375
0 0.66015625 0.76015625 0.3265625 0.1953125
0 0.89921875 0.6765625 0.20078125 0.1953125
0 0.89609375 0.8234375 0.2078125 0.10546875
0 0.65390625 0.6265625 0.26875 0.24453125
0 0.3 0.859375 0.2796875 0.12109375