0 0.121875 0.1234375 0.24375 0.165625
0 0.43671875 0.15 0.39296875 0.20078125
0 0.82734375 0.1125 0.28984375 0.16953125
0 0.7984375 0.23984375 0.36171875 0.19765625
0 0.44453125 0.33046875 0.40546875 0.20390625
0 0.128125 0.29140625 0.24921875 0.19453125
0 0.12265625 0.46015625 0.2453125 0.15703125
0 0.05234375 0.65078125 0.1046875 0.1890625
0 0.06953125 0.83671875 0.13828125 0.18203125
0 0.43125 0.46796875 0.36171875 0.140625
0 0.2703125 0.603125 0.33671875 0.17265625
0 0.2921875 0.7703125 0.32109375 0.21953125
0 0.8015625 0.45703125 0.36875 0.27578125
0 0.63515625 0.65 0.36875 0.21640625
0 0.62265625 0.80859375 0.38984375 0.21328125
0 0.6125 0.92890625 0.33359375 0.121875
0 0.28046875 0.92578125 0.315625 0.140625
0 0.9015625 0.684375 0.196875 0.20234375
0 0.90625 0.81171875 0.184375 0.125
0 0.89453125 0.93671875 0.21015625 0.11875