0 0.13203125 0.08203125 0.2640625 0.1640625
0 0.13671875 0.25546875 0.27265625 0.19375
0 0.14140625 0.4453125 0.2828125 0.18125
0 0.1453125 0.6046875 0.28984375 0.1484375
0 0.146875 0.77109375 0.29375 0.190625
0 0.4578125 0.065625 0.403125 0.13125
0 0.45078125 0.23125 0.403125 0.2359375
0 0.48359375 0.421875 0.40078125 0.190625
0 0.4890625 0.59453125 0.415625 0.1875
0 0.5 0.759375 0.41171875 0.18125
0 0.8359375 0.06015625 0.325 0.1203125
0 0.8203125 0.21875 0.359375 0.18125
0 0.840625 0.4140625 0.31796875 0.20703125
0 0.8453125 0.528125 0.309375 0.1453125
0 0.846875 0.665625 0.30625 0.18125
0 0.865625 0.83828125 0.26796875 0.159375