0 0.0875 0.0671875 0.175 0.134375
0 0.2859375 0.23359375 0.371875 0.39140625
0 0.646875 0.27265625 0.3703125 0.33828125
0 0.7328125 0.121875 0.271875 0.24375
0 0.928125 0.0953125 0.14296875 0.190625
0 0.090625 0.28359375 0.18046875 0.36015625
0 0.19296875 0.5234375 0.30546875 0.28203125
0 0.4765625 0.534375 0.33828125 0.30390625
0 0.76015625 0.596875 0.36640625 0.35390625
0 0.07265625 0.79921875 0.1453125 0.30078125
0 0.30859375 0.81328125 0.3859375 0.28515625
0 0.63515625 0.82265625 0.340625 0.27265625
0 0.8984375 0.82421875 0.203125 0.26953125
0 0.8984375 0.3328125 0.203125 0.303125