0 0.63828125 0.11171875 0.29609375 0.11640625
0 0.35078125 0.10234375 0.28125 0.125
0 0.31015625 0.2 0.190625 0.10625
0 0.49765625 0.209375 0.190625 0.10625
0 0.6890625 0.2078125 0.18984375 0.09296875
0 0.35078125 0.29609375 0.28828125 0.10625
0 0.6375 0.29921875 0.29453125 0.09609375
0 0.30703125 0.3765625 0.19453125 0.09140625
0 0.4953125 0.38515625 0.1921875 0.1046875
0 0.68671875 0.3875 0.19296875 0.09609375
0 0.34375 0.4671875 0.28984375 0.103125
0 0.63203125 0.48359375 0.29375 0.1046875
0 0.2953125 0.5671875 0.19453125 0.1
0 0.4875 0.56640625 0.1921875 0.1046875
0 0.68125 0.5703125 0.19765625 0.11640625
0 0.33828125 0.6578125 0.29921875 0.1046875
0 0.6296875 0.6609375 0.29609375 0.1046875
0 0.284375 0.7375 0.19921875 0.08515625
0 0.4828125 0.74375 0.196875 0.08984375
0 0.67890625 0.73828125 0.18984375 0.08671875