0 0.71328125 0.103125 0.17734375 0.125
0 0.7140625 0.22265625 0.14375 0.10625
0 0.715625 0.32890625 0.171875 0.1125
0 0.721875 0.42265625 0.16328125 0.0875
0 0.8640625 0.20703125 0.15234375 0.11875
0 0.87890625 0.30703125 0.16484375 0.10625
0 0.878125 0.40390625 0.16328125 0.10625
0 0.878125 0.5125 0.1734375 0.115625
0 0.72578125 0.50625 0.15234375 0.096875
0 0.86875 0.6015625 0.14375 0.0875
0 0.7234375 0.6 0.13125 0.103125
0 0.8703125 0.69375 0.140625 0.103125
0 0.71484375 0.703125 0.16640625 0.096875
0 0.734375 0.81171875 0.16640625 0.10625
0 0.8796875 0.78984375 0.14921875 0.0875
0 0.8796875 0.87109375 0.1453125 0.09375
0 0.73359375 0.92421875 0.171875 0.1125
0 0.88359375 0.96328125 0.15234375 0.07265625
0 0.16015625 0.15234375 0.3203125 0.1765625
0 0.1203125 0.33046875 0.23984375 0.17265625
0 0.18515625 0.503125 0.3703125 0.20390625
0 0.2203125 0.6578125 0.43984375 0.24375
0 0.49140625 0.19453125 0.340625 0.18203125
0 0.303125 0.31484375 0.2703125 0.18515625
0 0.54453125 0.34609375 0.2578125 0.159375
0 0.51953125 0.4921875 0.340625 0.18203125
0 0.55703125 0.646875 0.2546875 0.140625
0 0.509375 0.79453125 0.35625 0.17890625
0 0.1703125 0.875 0.33984375 0.23828125
0 0.5234375 0.92578125 0.25078125 0.128125