0 0.03828125 0.0421875 0.07578125 0.07734375
0 0.06953125 0.10703125 0.1390625 0.0578125
0 0.178125 0.04140625 0.20859375 0.0828125
0 0.20859375 0.090625 0.146875 0.0703125
0 0.0375 0.1640625 0.075 0.04140625
0 0.178125 0.16328125 0.2046875 0.07890625
0 0.059375 0.2140625 0.11875 0.05390625
0 0.04140625 0.26875 0.0828125 0.06328125
0 0.19609375 0.22578125 0.14921875 0.07734375
0 0.1859375 0.2828125 0.20703125 0.08046875
0 0.0640625 0.33046875 0.128125 0.0640625
0 0.04609375 0.390625 0.09140625 0.05234375
0 0.06953125 0.446875 0.1390625 0.0625
0 0.05 0.509375 0.1 0.053125
0 0.0734375 0.571875 0.146875 0.0734375
0 0.21796875 0.3234375 0.1546875 0.06484375
0 0.1921875 0.38984375 0.2046875 0.0828125
0 0.221875 0.45 0.14140625 0.05234375
0 0.28046875 0.53515625 0.1828125 0.11875
0 0.32890625 0.6125 0.23828125 0.096875
0 0.29375 0.66640625 0.18515625 0.06796875
0 0.33203125 0.7359375 0.2359375 0.0703125
0 0.34609375 0.10078125 0.12265625 0.0828125
0 0.3671875 0.16015625 0.19296875 0.07578125
0 0.35859375 0.2828125 0.140625 0.0984375
0 0.4984375 0.51953125 0.2421875 0.10390625
0 0.52890625 0.5953125 0.16328125 0.0953125
0 0.503125 0.6734375 0.22265625 0.10390625
0 0.53671875 0.728125 0.159375 0.08828125
0 0.77109375 0.05390625 0.23828125 0.0859375
0 0.740625 0.11875 0.18046875 0.07890625
0 0.76640625 0.184375 0.2421875 0.0734375
0 0.68828125 0.26171875 0.17890625 0.084375
0 0.88984375 0.2625 0.2203125 0.103125
0 0.728125 0.34140625 0.23203125 0.10078125
0 0.6984375 0.3921875 0.1828125 0.084375
0 0.7328125 0.47578125 0.23984375 0.0828125
0 0.92265625 0.32421875 0.153125 0.08828125
0 0.89609375 0.40546875 0.20625 0.08828125
0 0.92578125 0.46796875 0.14140625 0.09140625
0 0.89765625 0.54140625 0.203125 0.08828125
0 0.9203125 0.60703125 0.15859375 0.07890625
0 0.69375 0.53828125 0.16875 0.08828125
0 0.73125 0.6 0.2328125 0.07890625
0 0.71015625 0.6703125 0.18125 0.07578125
0 0.73515625 0.734375 0.23046875 0.06796875
0 0.896875 0.67421875 0.20625 0.06640625
0 0.39296875 0.34296875 0.19375 0.07890625
0 0.35625 0.40703125 0.1328125 0.09296875
0 0.41484375 0.44140625 0.1671875 0.05859375
0 0.465625 0.2078125 0.13828125 0.06328125
0 0.50546875 0.2734375 0.14296875 0.071875
0 0.54453125 0.14609375 0.15 0.06015625
0 0.46484375 0.09296875 0.13515625 0.06328125
0 0.9421875 0.03828125 0.115625 0.0765625
0 0.91484375 0.11015625 0.16953125 0.084375
0 0.94375 0.175 0.1125 0.07109375