0 0.696875 0.22109375 0.49140625 0.303125
0 0.5265625 0.45 0.35390625 0.23359375
0 0.18125 0.425 0.3625 0.25
0 0.85078125 0.41484375 0.2984375 0.25
0 0.840625 0.05234375 0.31875 0.1046875
0 0.95390625 0.1828125 0.09140625 0.2046875
0 0.48984375 0.06484375 0.37421875 0.1296875
0 0.1515625 0.08359375 0.303125 0.16640625
0 0.08984375 0.24453125 0.17890625 0.20546875
0 0.33828125 0.22890625 0.4515625 0.253125
0 0.3515625 0.63359375 0.425 0.228125
0 0.12421875 0.6125 0.24765625 0.23046875
0 0.72578125 0.66640625 0.478125 0.25
0 0.92890625 0.6546875 0.1421875 0.25
0 0.68046875 0.8359375 0.36484375 0.1609375
0 0.915625 0.815625 0.16875 0.19375
0 0.3484375 0.80859375 0.35625 0.2
0 0.1015625 0.8109375 0.19921875 0.19453125