0 0.190625 0.1953125 0.38125 0.0921875
0 0.18671875 0.28671875 0.3734375 0.1203125
0 0.19765625 0.40859375 0.3953125 0.1421875
0 0.209375 0.54453125 0.40625 0.16171875
0 0.23046875 0.64765625 0.46015625 0.12734375
0 0.22890625 0.75234375 0.45703125 0.13984375
0 0.2234375 0.86171875 0.446875 0.1109375
0 0.215625 0.93046875 0.43125 0.0953125
0 0.55859375 0.20625 0.39375 0.0953125
0 0.52890625 0.2984375 0.403125 0.1203125
0 0.55390625 0.384375 0.37109375 0.1140625
0 0.53515625 0.4828125 0.421875 0.1078125
0 0.578125 0.6 0.4125 0.1140625
0 0.6078125 0.7 0.384375 0.1109375
0 0.8328125 0.26015625 0.334375 0.1140625
0 0.85078125 0.34453125 0.2984375 0.1046875
0 0.85546875 0.4359375 0.2890625 0.09765625
0 0.86015625 0.53046875 0.2796875 0.1203125
0 0.86171875 0.62421875 0.2765625 0.1203125
0 0.82890625 0.75078125 0.2859375 0.13671875