0 0.07109375 0.2171875 0.1421875 0.215625
0 0.3859375 0.16875 0.30390625 0.23515625
0 0.84921875 0.25 0.30078125 0.1703125
0 0.565625 0.27421875 0.296875 0.18671875
0 0.10234375 0.37890625 0.2046875 0.18046875
0 0.20546875 0.4703125 0.19296875 0.23203125
0 0.93984375 0.39140625 0.11953125 0.14453125
0 0.25859375 0.28515625 0.19765625 0.22265625
0 0.43671875 0.39765625 0.29453125 0.17734375
0 0.73203125 0.39140625 0.2921875 0.1515625
0 0.3875 0.5625 0.24375 0.1578125
0 0.634375 0.50546875 0.24609375 0.109375
0 0.05078125 0.525 0.1015625 0.115625
0 0.8421875 0.48515625 0.18828125 0.12578125
0 0.5453125 0.65078125 0.28984375 0.1671875
0 0.815625 0.6125 0.2609375 0.1546875
0 0.1265625 0.621875 0.24375 0.103125