0 0.27734375 0.2171875 0.475 0.20703125
0 0.25 0.06953125 0.5 0.13828125
0 0.07421875 0.23515625 0.14765625 0.22265625
0 0.64453125 0.23203125 0.44375 0.19453125
0 0.73203125 0.07109375 0.53125 0.1421875
0 0.8875 0.178125 0.225 0.178125
0 0.36640625 0.390625 0.715625 0.23828125
0 0.834375 0.35859375 0.33046875 0.209375
0 0.221875 0.55234375 0.44375 0.1734375
0 0.575 0.58359375 0.346875 0.26171875
0 0.8578125 0.5078125 0.284375 0.1828125
0 0.74375 0.68046875 0.5125 0.2015625
0 0.3375 0.7328125 0.50859375 0.20703125
0 0.04609375 0.6953125 0.0921875 0.30234375
0 0.246875 0.87265625 0.49375 0.1140625
0 0.74375 0.846875 0.5125 0.165625