0 0.1328125 0.07734375 0.265625 0.1546875
0 0.12734375 0.215625 0.2546875 0.15859375
0 0.42890625 0.08203125 0.35625 0.1640625
0 0.74453125 0.13203125 0.33359375 0.2375
0 0.4296875 0.2359375 0.35546875 0.1703125
0 0.12734375 0.35390625 0.2546875 0.1546875
0 0.1328125 0.48203125 0.265625 0.1671875
0 0.13046875 0.65078125 0.2609375 0.228125
0 0.1359375 0.81484375 0.271875 0.1578125
0 0.121875 0.9453125 0.24375 0.0875
0 0.41796875 0.36640625 0.33984375 0.1796875
0 0.42265625 0.4984375 0.33984375 0.14140625
0 0.41796875 0.6140625 0.33984375 0.121875
0 0.4125 0.80859375 0.3125 0.14453125
0 0.41953125 0.903125 0.346875 0.109375
0 0.75078125 0.2828125 0.3296875 0.1609375
0 0.74453125 0.3984375 0.325 0.1609375
0 0.7453125 0.53203125 0.3140625 0.13828125
0 0.73671875 0.625 0.32734375 0.13203125
0 0.715625 0.71328125 0.33984375 0.13515625
0 0.74765625 0.840625 0.33984375 0.14453125
0 0.74296875 0.94375 0.33984375 0.10625
0 0.4125 0.69765625 0.33515625 0.07734375
0 0.4109375 0.96171875 0.3203125 0.0765625