0 0.11328125 0.09140625 0.2265625 0.11640625
0 0.35 0.06953125 0.24296875 0.13515625
0 0.53828125 0.0828125 0.20625 0.165625
0 0.7328125 0.071875 0.2296875 0.13125
0 0.053125 0.1796875 0.10546875 0.15546875
0 0.271875 0.1984375 0.31875 0.14296875
0 0.6 0.19921875 0.32421875 0.1578125
0 0.890625 0.2015625 0.21796875 0.125
0 0.1109375 0.32109375 0.221875 0.1390625
0 0.31328125 0.328125 0.26640625 0.125
0 0.53671875 0.33359375 0.259375 0.10625
0 0.75703125 0.30859375 0.225 0.10234375
0 0.91796875 0.3265625 0.16328125 0.1125
0 0.0734375 0.42578125 0.146875 0.12265625
0 0.36796875 0.43671875 0.43125 0.1328125
0 0.74140625 0.4203125 0.36875 0.10859375
0 0.096875 0.56328125 0.19375 0.153125
0 0.284375 0.5421875 0.2515625 0.10234375
0 0.49765625 0.553125 0.21484375 0.14921875
0 0.7140625 0.51328125 0.23125 0.11875
0 0.88203125 0.5046875 0.21328125 0.08828125
0 0.0765625 0.6796875 0.153125 0.140625
0 0.2875 0.6609375 0.43984375 0.13515625
0 0.6390625 0.63046875 0.38828125 0.11875
0 0.89296875 0.60390625 0.2140625 0.1046875
0 0.15078125 0.80703125 0.234375 0.2109375
0 0.3359375 0.77578125 0.2046875 0.1265625
0 0.54140625 0.77265625 0.20625 0.18203125
0 0.75546875 0.75390625 0.221875 0.12890625
0 0.9140625 0.728125 0.16875 0.13125