0 0.1921875 0.47421875 0.284375 0.08359375
0 0.1921875 0.53671875 0.30546875 0.07734375
0 0.1875 0.61640625 0.3 0.0796875
0 0.18984375 0.69765625 0.31796875 0.0953125
0 0.1828125 0.76953125 0.30703125 0.1
0 0.49140625 0.4703125 0.2953125 0.06953125
0 0.81015625 0.49453125 0.34609375 0.071875
0 0.50703125 0.54453125 0.33515625 0.0859375
0 0.825 0.56875 0.34609375 0.084375
0 0.48828125 0.61640625 0.31171875 0.07578125
0 0.821875 0.63984375 0.35546875 0.0796875
0 0.515625 0.69453125 0.3140625 0.09296875
0 0.8265625 0.7203125 0.34609375 0.0875
0 0.84453125 0.4203125 0.2234375 0.0703125
0 0.43359375 0.40625 0.2 0.06484375
0 0.62734375 0.4171875 0.20703125 0.07578125
0 0.19375 0.8453125 0.3125 0.09765625
0 0.52421875 0.85859375 0.3421875 0.08671875
0 0.203125 0.91796875 0.33125 0.08203125
0 0.834375 0.79765625 0.33125 0.08125
0 0.53125 0.9453125 0.33671875 0.1015625
0 0.8515625 0.96328125 0.296875 0.06953125
0 0.8421875 0.8796875 0.315625 0.10703125
0 0.50703125 0.7671875 0.3203125 0.10078125