0 0.53671875 0.453125 0.3234375 0.25
0 0.428125 0.253125 0.34296875 0.26484375
0 0.1390625 0.2390625 0.27734375 0.28203125
0 0.28203125 0.08203125 0.31640625 0.1640625
0 0.07265625 0.0734375 0.1453125 0.146875
0 0.60390625 0.1078125 0.34609375 0.215625
0 0.8546875 0.10390625 0.290625 0.2078125
0 0.73046875 0.30078125 0.315625 0.22734375
0 0.90625 0.30234375 0.1875 0.2734375
0 0.20546875 0.46328125 0.36953125 0.2875
0 0.03671875 0.4703125 0.07265625 0.240625
0 0.121875 0.68125 0.24296875 0.27578125
0 0.3953125 0.69453125 0.365625 0.284375
0 0.68828125 0.69765625 0.29296875 0.27890625
0 0.89765625 0.67734375 0.2046875 0.2078125
0 0.56328125 0.86953125 0.36171875 0.2609375
0 0.86171875 0.88515625 0.2765625 0.21875
0 0.20703125 0.890625 0.3609375 0.21875
0 0.046875 0.89296875 0.09375 0.2140625
0 0.9609375 0.47578125 0.07734375 0.18671875
0 0.8046875 0.51640625 0.31171875 0.22109375