0 0.87265625 0.19765625 0.2546875 0.1796875
0 0.53515625 0.07421875 0.31484375 0.13515625
0 0.4890625 0.18515625 0.2859375 0.12578125
0 0.7046875 0.22890625 0.20703125 0.109375
0 0.740625 0.09375 0.22578125 0.12890625
0 0.2609375 0.1484375 0.228125 0.115625
0 0.103125 0.22421875 0.1875 0.1
0 0.11171875 0.321875 0.2234375 0.1390625
0 0.115625 0.4796875 0.23046875 0.1546875
0 0.109375 0.6234375 0.21875 0.11953125
0 0.1203125 0.74921875 0.240625 0.12578125
0 0.1296875 0.86015625 0.259375 0.103125
0 0.1234375 0.9546875 0.246875 0.08125
0 0.28515625 0.2625 0.26171875 0.12578125
0 0.2828125 0.40234375 0.2671875 0.1484375
0 0.2703125 0.55546875 0.290625 0.13828125
0 0.29921875 0.678125 0.30078125 0.11953125
0 0.33984375 0.7828125 0.25234375 0.103125
0 0.3328125 0.90390625 0.2953125 0.1125
0 0.521875 0.32734375 0.29296875 0.13203125
0 0.50703125 0.4625 0.2984375 0.1453125
0 0.52890625 0.60390625 0.28359375 0.11953125
0 0.540625 0.725 0.21640625 0.109375
0 0.525 0.8390625 0.28125 0.1453125
0 0.7390625 0.3515625 0.2140625 0.1671875
0 0.890625 0.40234375 0.21875 0.1546875
0 0.71640625 0.5171875 0.28359375 0.17109375
0 0.90390625 0.5625 0.1921875 0.196875
0 0.72578125 0.66171875 0.27890625 0.13828125
0 0.884375 0.71875 0.23046875 0.13515625
0 0.7125 0.79609375 0.2671875 0.12890625
0 0.9046875 0.8421875 0.18984375 0.11953125
0 0.7234375 0.91171875 0.2640625 0.12890625
0 0.88984375 0.93984375 0.2203125 0.0765625