0 0.03046875 0.06875 0.06015625 0.1140625
0 0.16328125 0.08046875 0.2625 0.1296875
0 0.39140625 0.1140625 0.23515625 0.17734375
0 0.6328125 0.09609375 0.24453125 0.121875
0 0.81484375 0.13671875 0.24296875 0.1125
0 0.0734375 0.1859375 0.14609375 0.12421875
0 0.30234375 0.2 0.30859375 0.13203125
0 0.58515625 0.21953125 0.30234375 0.12421875
0 0.85859375 0.23671875 0.2828125 0.09609375
0 0.18046875 0.296875 0.21796875 0.11796875
0 0.409375 0.3265625 0.253125 0.12578125
0 0.6234375 0.321875 0.2796875 0.1203125
0 0.81484375 0.35703125 0.24609375 0.14765625
0 0.93984375 0.34375 0.1203125 0.1234375
0 0.284375 0.41484375 0.31484375 0.12578125
0 0.06328125 0.403125 0.1265625 0.13125
0 0.5625 0.44140625 0.31484375 0.128125
0 0.865625 0.45546875 0.26875 0.1203125
0 0.109375 0.5265625 0.21875 0.11875
0 0.325 0.53203125 0.253125 0.11640625
0 0.57578125 0.51328125 0.2703125 0.0984375
0 0.76796875 0.55078125 0.2609375 0.09453125
0 0.88984375 0.61875 0.2203125 0.13828125
0 0.59375 0.61875 0.30078125 0.1359375
0 0.2640625 0.61640625 0.2921875 0.10859375
0 0.0390625 0.62421875 0.078125 0.084375
0 0.10625 0.70703125 0.2125 0.1203125
0 0.30703125 0.7140625 0.22265625 0.121875
0 0.51796875 0.70625 0.2546875 0.1296875
0 0.78203125 0.75078125 0.2703125 0.1
0 0.9578125 0.70703125 0.084375 0.1125
0 0.23125 0.8 0.34140625 0.0921875
0 0.55859375 0.7796875 0.31328125 0.09609375
0 0.290625 0.878125 0.22890625 0.10390625
0 0.5296875 0.88203125 0.23828125 0.10390625
0 0.73515625 0.878125 0.24609375 0.1