0 0.25234375 0.34609375 0.21953125 0.0640625
0 0.46875 0.36484375 0.18125 0.07265625
0 0.24296875 0.41328125 0.2328125 0.0640625
0 0.6171875 0.30859375 0.1484375 0.05234375
0 0.78046875 0.290625 0.16484375 0.05859375
0 0.81796875 0.34921875 0.19765625 0.0640625
0 0.63828125 0.3625 0.1671875 0.0671875
0 0.8171875 0.4 0.190625 0.04375
0 0.478125 0.41875 0.1765625 0.05859375
0 0.63984375 0.41171875 0.16484375 0.04375
0 0.26015625 0.46953125 0.23046875 0.08203125
0 0.471875 0.48671875 0.20390625 0.084375
0 0.646875 0.45078125 0.1609375 0.053125
0 0.8203125 0.43984375 0.2 0.0484375
0 0.65390625 0.4953125 0.171875 0.04453125
0 0.82578125 0.48828125 0.19296875 0.03984375
0 0.80859375 0.52265625 0.1734375 0.0421875
0 0.26875 0.51328125 0.215625 0.06953125
0 0.26875 0.55703125 0.215625 0.05625
0 0.28515625 0.609375 0.20625 0.0484375
0 0.278125 0.65390625 0.1984375 0.053125
0 0.28671875 0.7078125 0.2078125 0.06953125
0 0.47578125 0.54765625 0.18828125 0.06640625
0 0.48515625 0.58984375 0.184375 0.05859375
0 0.49375 0.640625 0.20625 0.0515625
0 0.48671875 0.6953125 0.1921875 0.07421875
0 0.65 0.5421875 0.15 0.053125
0 0.6640625 0.60625 0.19765625 0.07109375
0 0.80703125 0.57109375 0.17734375 0.0484375
0 0.8421875 0.61953125 0.16328125 0.0546875
0 0.69296875 0.67890625 0.21328125 0.06796875