0 0.60078125 0.27578125 0.26015625 0.18515625
0 0.35859375 0.27265625 0.2734375 0.1703125
0 0.3 0.4265625 0.20859375 0.18984375
0 0.24453125 0.59765625 0.18671875 0.153125
0 0.22578125 0.725 0.165625 0.2
0 0.35859375 0.665625 0.19765625 0.15078125
0 0.66875 0.434375 0.23515625 0.165625
0 0.48515625 0.42734375 0.19453125 0.17421875
0 0.44296875 0.58359375 0.1921875 0.1375
0 0.63515625 0.5859375 0.196875 0.1546875
0 0.5375 0.70625 0.184375 0.13359375
0 0.38046875 0.78046875 0.15546875 0.096875
0 0.17734375 0.85390625 0.21484375 0.1703125
0 0.35078125 0.8796875 0.17578125 0.1140625
0 0.55703125 0.8390625 0.2390625 0.17421875
0 0.7734375 0.87578125 0.25546875 0.16171875
0 0.56328125 0.9015625 0.16875 0.0796875
0 0.74765625 0.728125 0.25 0.146875
0 0.76640625 0.58515625 0.15078125 0.1703125