0 0.0359375 0.06875 0.07109375 0.096875
0 0.16875 0.07734375 0.26015625 0.13046875
0 0.07265625 0.19921875 0.1453125 0.1625
0 0.4171875 0.09375 0.24609375 0.1875
0 0.26484375 0.21328125 0.325 0.15234375
0 0.49609375 0.18125 0.23046875 0.13515625
0 0.61328125 0.06953125 0.31796875 0.1390625
0 0.85625 0.06171875 0.2875 0.1234375
0 0.74375 0.19296875 0.30703125 0.17890625
0 0.91953125 0.2125 0.16015625 0.17734375
0 0.13359375 0.34609375 0.2671875 0.1515625
0 0.3671875 0.3171875 0.2984375 0.13984375
0 0.60546875 0.3140625 0.31328125 0.13984375
0 0.89765625 0.35859375 0.203125 0.16328125
0 0.253125 0.4421875 0.20703125 0.13984375
0 0.15234375 0.5296875 0.27734375 0.18125
0 0.3859375 0.5359375 0.2828125 0.1296875
0 0.04609375 0.45390625 0.0921875 0.11875
0 0.49921875 0.45625 0.296875 0.1265625
0 0.78203125 0.44140625 0.275 0.1234375
0 0.91953125 0.4875 0.1609375 0.10859375
0 0.65703125 0.53828125 0.27421875 0.08359375
0 0.87421875 0.5609375 0.25078125 0.11328125
0 0.928125 0.67109375 0.14375 0.1390625
0 0.73203125 0.63828125 0.27265625 0.121875
0 0.50625 0.6421875 0.20703125 0.15625
0 0.0625 0.67265625 0.125 0.11328125
0 0.24921875 0.659375 0.290625 0.10234375
0 0.0484375 0.78125 0.09609375 0.0984375
0 0.32265625 0.77890625 0.4625 0.13828125
0 0.6515625 0.76640625 0.253125 0.1484375
0 0.84140625 0.77265625 0.31171875 0.13828125