0 0.1390625 0.09765625 0.278125 0.1109375
0 0.20703125 0.20859375 0.18203125 0.1125
0 0.12734375 0.30859375 0.2546875 0.11484375
0 0.43828125 0.075 0.32421875 0.12890625
0 0.77421875 0.0734375 0.3359375 0.12890625
0 0.40078125 0.17421875 0.2109375 0.11640625
0 0.6046875 0.1890625 0.19921875 0.1234375
0 0.7765625 0.13984375 0.209375 0.096875
0 0.4109375 0.2796875 0.33125 0.1078125
0 0.76875 0.2515625 0.32734375 0.1203125
0 0.06171875 0.4109375 0.1234375 0.11875
0 0.19609375 0.4234375 0.2296875 0.12734375
0 0.39765625 0.375 0.21796875 0.10234375
0 0.5875 0.38125 0.2046875 0.12890625
0 0.109375 0.51875 0.21796875 0.109375
0 0.05 0.603125 0.1 0.11796875
0 0.19921875 0.63359375 0.21796875 0.096875
0 0.3953125 0.55859375 0.2109375 0.1328125
0 0.60625 0.5703125 0.22890625 0.134375
0 0.815625 0.52109375 0.22265625 0.121875
0 0.81015625 0.7046875 0.209375 0.1234375
0 0.77578125 0.6421875 0.32890625 0.109375
0 0.12421875 0.7125 0.24765625 0.1109375
0 0.05859375 0.8296875 0.11640625 0.11640625
0 0.203125 0.828125 0.21328125 0.10546875
0 0.13203125 0.92265625 0.2640625 0.1015625
0 0.41015625 0.68046875 0.3203125 0.13984375
0 0.40390625 0.79375 0.209375 0.1125
0 0.59375 0.77265625 0.2109375 0.1453125
0 0.78125 0.83671875 0.346875 0.15234375
0 0.41484375 0.90234375 0.3359375 0.14296875
0 0.60078125 0.92734375 0.20234375 0.1109375