0 0.07421875 0.05234375 0.1484375 0.10390625
0 0.371875 0.075 0.44453125 0.13046875
0 0.78828125 0.07109375 0.4234375 0.1421875
0 0.4015625 0.24921875 0.4796875 0.24453125
0 0.075 0.203125 0.15 0.1984375
0 0.80078125 0.25703125 0.3984375 0.24765625
0 0.0859375 0.4375 0.17109375 0.22890625
0 0.3984375 0.5015625 0.54921875 0.24765625
0 0.81953125 0.44609375 0.3609375 0.15625
0 0.4796875 0.68046875 0.51796875 0.18203125
0 0.83828125 0.60859375 0.32265625 0.16953125
0 0.86953125 0.7875 0.2609375 0.2015625
0 0.515625 0.83359375 0.49453125 0.1625
0 0.14375 0.7828125 0.278125 0.225
0 0.11640625 0.59765625 0.2328125 0.13359375