0 0.1453125 0.075 0.290625 0.15
0 0.08671875 0.253125 0.17265625 0.19140625
0 0.48125 0.0625 0.371875 0.125
0 0.83984375 0.05625 0.3109375 0.1125
0 0.6890625 0.23046875 0.47421875 0.2859375
0 0.33984375 0.23359375 0.45703125 0.2484375
0 0.18515625 0.43515625 0.3703125 0.22890625
0 0.52734375 0.46015625 0.353125 0.22890625
0 0.8515625 0.42265625 0.296875 0.2546875
0 0.1234375 0.6265625 0.2421875 0.22265625
0 0.10390625 0.82890625 0.2078125 0.17578125
0 0.3546875 0.640625 0.4125 0.21328125
0 0.35078125 0.81796875 0.35078125 0.18515625
0 0.72734375 0.671875 0.4765625 0.2515625
0 0.678125 0.84765625 0.33828125 0.16953125