0 0.3140625 0.303125 0.44765625 0.1484375
0 0.6546875 0.3109375 0.2453125 0.1328125
0 0.2359375 0.41640625 0.2671875 0.10234375
0 0.56640625 0.41328125 0.44765625 0.1203125
0 0.34609375 0.484375 0.4375 0.08984375
0 0.67734375 0.490625 0.25 0.09609375
0 0.54609375 0.55078125 0.42734375 0.07421875
0 0.32890625 0.6109375 0.40234375 0.09609375
0 0.6515625 0.6453125 0.2828125 0.11484375
0 0.2453125 0.67734375 0.26015625 0.06171875
0 0.2984375 0.73671875 0.4125 0.05546875
0 0.2453125 0.8125 0.2453125 0.09609375
0 0.65390625 0.815625 0.24765625 0.1265625
0 0.45625 0.790625 0.1625 0.07734375
0 0.6453125 0.72109375 0.3 0.09921875