0 0.34921875 0.43359375 0.153125 0.05859375
0 0.28359375 0.47890625 0.1328125 0.0640625
0 0.42421875 0.47734375 0.14453125 0.059375
0 0.675 0.43515625 0.15546875 0.06796875
0 0.60859375 0.4828125 0.14765625 0.05703125
0 0.23515625 0.5359375 0.13203125 0.0515625
0 0.36875 0.5328125 0.14296875 0.0515625
0 0.5125 0.528125 0.14609375 0.05546875
0 0.17890625 0.590625 0.115625 0.071875
0 0.2984375 0.571875 0.1296875 0.0484375
0 0.4390625 0.578125 0.14453125 0.05
0 0.5796875 0.5796875 0.14765625 0.0484375
0 0.65546875 0.5328125 0.1421875 0.04296875
0 0.23515625 0.6171875 0.125 0.05390625
0 0.178125 0.65390625 0.12109375 0.05703125
0 0.36875 0.6234375 0.1375 0.0484375
0 0.30078125 0.66328125 0.13203125 0.04609375
0 0.43828125 0.6671875 0.14453125 0.04296875
0 0.50703125 0.62109375 0.14921875 0.05
0 0.6578125 0.6171875 0.1375 0.0609375
0 0.7828125 0.6171875 0.121875 0.04609375
0 0.78359375 0.54140625 0.12734375 0.05390625
0 0.71953125 0.57578125 0.13515625 0.04296875
0 0.71875 0.6671875 0.13984375 0.040625
0 0.58203125 0.66875 0.14609375 0.040625
0 0.840625 0.653125 0.1265625 0.05546875
0 0.74296875 0.48515625 0.134375 0.0515625