0 0.1078125 0.03671875 0.21484375 0.0734375
0 0.11328125 0.125 0.2265625 0.1265625
0 0.10625 0.23828125 0.2125 0.1359375
0 0.10546875 0.321875 0.2109375 0.1421875
0 0.375 0.06953125 0.31953125 0.1265625
0 0.3828125 0.1515625 0.321875 0.1359375
0 0.3765625 0.25078125 0.321875 0.1296875
0 0.38828125 0.3515625 0.37734375 0.11484375
0 0.10625 0.44140625 0.2125 0.1453125
0 0.0984375 0.54453125 0.196875 0.1359375
0 0.1078125 0.63125 0.21484375 0.13671875
0 0.07890625 0.74140625 0.1578125 0.1390625
0 0.071875 0.83984375 0.14375 0.1453125
0 0.3765625 0.44609375 0.33515625 0.1296875
0 0.36484375 0.55703125 0.34375 0.12421875
0 0.35625 0.65625 0.33515625 0.1421875
0 0.3421875 0.75859375 0.35546875 0.1484375
0 0.33203125 0.859375 0.384375 0.1328125
0 0.70234375 0.06796875 0.3265625 0.09921875
0 0.7078125 0.1484375 0.34609375 0.09296875
0 0.70625 0.26328125 0.3375 0.12421875
0 0.69453125 0.3671875 0.32421875 0.1765625
0 0.69921875 0.44765625 0.30625 0.1828125
0 0.70390625 0.528125 0.32421875 0.1640625
0 0.7015625 0.61171875 0.32421875 0.1453125
0 0.690625 0.7046875 0.3421875 0.1265625
0 0.70234375 0.825 0.3265625 0.12109375
0 0.93359375 0.07109375 0.13203125 0.09296875
0 0.9296875 0.16875 0.140625 0.11484375
0 0.93359375 0.23828125 0.1265625 0.07421875
0 0.93125 0.3015625 0.13515625 0.10234375
0 0.93359375 0.38203125 0.13203125 0.09609375
0 0.93671875 0.46640625 0.1265625 0.0984375
0 0.93203125 0.56328125 0.1359375 0.10546875
0 0.93515625 0.6546875 0.1296875 0.12109375
0 0.9390625 0.78203125 0.121875 0.1515625