0 0.1453125 0.09453125 0.28984375 0.1890625
0 0.19921875 0.23125 0.3984375 0.19453125
0 0.1359375 0.42578125 0.271875 0.20546875
0 0.42265625 0.1484375 0.31328125 0.171875
0 0.4921875 0.26875 0.1875 0.1375
0 0.42578125 0.40859375 0.3171875 0.17734375
0 0.19609375 0.62109375 0.38828125 0.2734375
0 0.12890625 0.803125 0.2484375 0.2921875
0 0.2125 0.86015625 0.41171875 0.2609375
0 0.4921875 0.503125 0.18203125 0.12578125
0 0.415625 0.65703125 0.32890625 0.2390625
0 0.4953125 0.7359375 0.14765625 0.15703125
0 0.42734375 0.87109375 0.2640625 0.2015625
0 0.6671875 0.15390625 0.16796875 0.13203125
0 0.65234375 0.2375 0.11328125 0.11640625
0 0.63125 0.43359375 0.12109375 0.13203125