0 0.11796875 0.18125 0.23515625 0.2453125
0 0.1453125 0.39296875 0.28515625 0.25546875
0 0.43359375 0.14765625 0.378125 0.215625
0 0.846875 0.1390625 0.3015625 0.23203125
0 0.853125 0.36015625 0.29375 0.2203125
0 0.84765625 0.575 0.3046875 0.196875
0 0.8625 0.78359375 0.275 0.21953125
0 0.5109375 0.74453125 0.3234375 0.21953125
0 0.44453125 0.33671875 0.30859375 0.209375
0 0.48984375 0.53671875 0.38515625 0.19609375
0 0.15546875 0.553125 0.2921875 0.2359375
0 0.1671875 0.74765625 0.32578125 0.1671875