0 0.07265625 0.07109375 0.1453125 0.1203125
0 0.26640625 0.0609375 0.25859375 0.103125
0 0.52265625 0.0546875 0.284375 0.109375
0 0.20546875 0.20859375 0.40234375 0.18671875
0 0.61484375 0.19453125 0.4640625 0.1765625
0 0.084375 0.36015625 0.16875 0.109375
0 0.2671875 0.3421875 0.265625 0.1578125
0 0.51796875 0.3328125 0.278125 0.13828125
0 0.78515625 0.3359375 0.28203125 0.1640625
0 0.9546875 0.32109375 0.090625 0.14765625
0 0.2296875 0.5015625 0.4 0.1796875
0 0.6140625 0.48046875 0.440625 0.1578125
0 0.91796875 0.48203125 0.1625 0.1546875
0 0.0703125 0.61015625 0.140625 0.1359375
0 0.25859375 0.6203125 0.2484375 0.14765625
0 0.5015625 0.61875 0.2375 0.13828125
0 0.76015625 0.63359375 0.25859375 0.12890625
0 0.94140625 0.6203125 0.11640625 0.12890625
0 0.2 0.75546875 0.4 0.1609375
0 0.60625 0.7734375 0.39140625 0.1765625
0 0.90625 0.75390625 0.1859375 0.14453125
0 0.890625 0.18828125 0.21796875 0.21328125
0 0.24296875 0.890625 0.271875 0.1734375
0 0.49921875 0.903125 0.2890625 0.18671875
0 0.7140625 0.9 0.25703125 0.1734375
0 0.90703125 0.90390625 0.1859375 0.1515625