0 0.2625 0.43125 0.21484375 0.09453125
0 0.36015625 0.5078125 0.21484375 0.1109375
0 0.58203125 0.5046875 0.21015625 0.084375
0 0.4875 0.4234375 0.23125 0.1171875
0 0.69140625 0.44296875 0.1859375 0.10390625
0 0.1296875 0.5890625 0.18828125 0.09140625
0 0.31953125 0.61328125 0.20546875 0.13359375
0 0.4875 0.59765625 0.19765625 0.08125
0 0.69453125 0.6625 0.21484375 0.10078125
0 0.29921875 0.7375 0.24609375 0.10078125
0 0.55 0.74375 0.2359375 0.08828125
0 0.77421875 0.72265625 0.203125 0.09140625
0 0.11796875 0.71953125 0.1453125 0.09765625
0 0.21484375 0.64921875 0.1765625 0.08828125
0 0.17265625 0.5125 0.16953125 0.08125
0 0.67421875 0.5765625 0.2171875 0.09140625
0 0.796875 0.5546875 0.1953125 0.146875
0 0.88828125 0.68515625 0.16484375 0.1265625
0 0.4734375 0.67734375 0.240625 0.09765625