0 0.19453125 0.85703125 0.21015625 0.18515625
0 0.2375 0.73125 0.22265625 0.18515625
0 0.51640625 0.5953125 0.18046875 0.19453125
0 0.73671875 0.4984375 0.1859375 0.15703125
0 0.81328125 0.7359375 0.20859375 0.14375
0 0.56875 0.459375 0.203125 0.134375
0 0.36640625 0.571875 0.16171875 0.121875
0 0.86328125 0.58125 0.2140625 0.165625
0 0.66328125 0.609375 0.2171875 0.17890625
0 0.43984375 0.7421875 0.2265625 0.21328125
0 0.57890625 0.88046875 0.22109375 0.17578125
0 0.78359375 0.87734375 0.215625 0.16328125
0 0.38828125 0.89140625 0.2125 0.18515625
0 0.63828125 0.7453125 0.196875 0.15
0 0.95625 0.734375 0.0875 0.19765625