0 0.80859375 0.175 0.21328125 0.13671875
0 0.79453125 0.28203125 0.19609375 0.09296875
0 0.79765625 0.35859375 0.18671875 0.0875
0 0.7984375 0.44453125 0.19296875 0.10078125
0 0.93515625 0.48828125 0.1296875 0.1328125
0 0.8015625 0.51875 0.16953125 0.0671875
0 0.79140625 0.59921875 0.16796875 0.10859375
0 0.7875 0.70703125 0.18046875 0.14296875
0 0.9515625 0.225 0.096875 0.10859375
0 0.95546875 0.31171875 0.0890625 0.065625
0 0.62265625 0.18984375 0.19296875 0.13046875
0 0.621875 0.29453125 0.19296875 0.08125
0 0.61484375 0.3734375 0.18203125 0.08125
0 0.61640625 0.45078125 0.17421875 0.0734375
0 0.63125 0.521875 0.17421875 0.08515625
0 0.62265625 0.60390625 0.178125 0.1109375
0 0.6171875 0.70703125 0.16484375 0.11484375
0 0.62265625 0.78046875 0.16796875 0.059375
0 0.6171875 0.8578125 0.1765625 0.0875
0 0.44375 0.17890625 0.1734375 0.1484375
0 0.4421875 0.2890625 0.171875 0.0828125
0 0.4453125 0.35859375 0.17421875 0.07890625
0 0.4421875 0.45 0.17578125 0.0875
0 0.44296875 0.521875 0.18203125 0.08515625
0 0.4453125 0.59921875 0.17890625 0.08125
0 0.44375 0.690625 0.17578125 0.09296875
0 0.43984375 0.76875 0.178125 0.075
0 0.2625 0.1484375 0.18515625 0.0828125
0 0.26171875 0.22734375 0.18046875 0.0828125
0 0.259375 0.29296875 0.17890625 0.06640625
0 0.25390625 0.3671875 0.18828125 0.08671875
0 0.259375 0.44296875 0.1953125 0.09296875
0 0.26015625 0.5140625 0.16796875 0.0578125
0 0.26953125 0.5765625 0.184375 0.08046875
0 0.2578125 0.66953125 0.1984375 0.11796875
0 0.08359375 0.19296875 0.1671875 0.1359375
0 0.07890625 0.58828125 0.1546875 0.065625
0 0.08046875 0.3609375 0.16015625 0.0828125
0 0.08125 0.51640625 0.16171875 0.078125
0 0.0796875 0.453125 0.159375 0.0875
0 0.2703125 0.82421875 0.16484375 0.0875
0 0.440625 0.840625 0.17578125 0.09765625
0 0.265625 0.75546875 0.1859375 0.06796875