0 0.0890625 0.31875 0.178125 0.16875
0 0.26328125 0.33828125 0.22734375 0.190625
0 0.06640625 0.7734375 0.1328125 0.10625
0 0.240625 0.77578125 0.25703125 0.096875
0 0.48515625 0.76796875 0.21953125 0.11875
0 0.7109375 0.76796875 0.2359375 0.1
0 0.471875 0.271875 0.20625 0.2
0 0.703125 0.3265625 0.25546875 0.128125
0 0.703125 0.42421875 0.24375 0.1375
0 0.703125 0.53984375 0.25546875 0.14375
0 0.70546875 0.65703125 0.2609375 0.128125
0 0.25546875 0.45078125 0.2359375 0.153125
0 0.07890625 0.56328125 0.15703125 0.121875
0 0.0765625 0.68046875 0.153125 0.125
0 0.08515625 0.453125 0.1703125 0.128125
0 0.2515625 0.56328125 0.215625 0.121875
0 0.25234375 0.67109375 0.22578125 0.10625
0 0.47890625 0.42265625 0.23203125 0.121875
0 0.471875 0.54296875 0.21796875 0.13125
0 0.4703125 0.65703125 0.21796875 0.140625