0 0.06953125 0.0609375 0.1390625 0.121875
0 0.2578125 0.0578125 0.25859375 0.115625
0 0.52265625 0.0578125 0.28046875 0.115625
0 0.77734375 0.0546875 0.3015625 0.109375
0 0.20546875 0.19609375 0.39375 0.19296875
0 0.6078125 0.18671875 0.44921875 0.1609375
0 0.89375 0.18984375 0.20078125 0.18671875
0 0.084375 0.35703125 0.16875 0.121875
0 0.265625 0.3421875 0.265625 0.15078125
0 0.5109375 0.334375 0.26953125 0.14140625
0 0.7859375 0.3421875 0.284375 0.15078125
0 0.9609375 0.3234375 0.078125 0.13203125
0 0.23203125 0.4953125 0.39609375 0.18671875
0 0.6125 0.48203125 0.42578125 0.1671875
0 0.9140625 0.48515625 0.171875 0.1609375
0 0.0640625 0.61875 0.128125 0.15078125
0 0.26015625 0.6125 0.24609375 0.13828125
0 0.2171875 0.74921875 0.434375 0.14765625
0 0.0578125 0.8921875 0.115625 0.13203125
0 0.23515625 0.896875 0.26953125 0.1734375
0 0.490625 0.9078125 0.284375 0.18359375
0 0.71796875 0.8984375 0.26328125 0.18984375
0 0.90390625 0.9109375 0.190625 0.1640625