0 0.19453125 0.09765625 0.3890625 0.1953125
0 0.4203125 0.08828125 0.296875 0.1765625
0 0.66328125 0.115625 0.17890625 0.13515625
0 0.7890625 0.12578125 0.14453125 0.13515625
0 0.63828125 0.17109375 0.146875 0.103125
0 0.1265625 0.18984375 0.253125 0.1609375
0 0.1796875 0.30390625 0.359375 0.1546875
0 0.11171875 0.43984375 0.2234375 0.1484375
0 0.18671875 0.590625 0.3734375 0.178125
0 0.10234375 0.7296875 0.2046875 0.16015625
0 0.46796875 0.33515625 0.2078125 0.096875
0 0.47890625 0.16875 0.18125 0.13828125
0 0.38984375 0.23671875 0.33984375 0.13828125
0 0.40078125 0.44921875 0.328125 0.13203125
0 0.4703125 0.5234375 0.19296875 0.10625
0 0.6421875 0.3125 0.13046875 0.07734375
0 0.6578125 0.38671875 0.1859375 0.08359375
0 0.62265625 0.4625 0.13046875 0.08046875
0 0.65 0.54609375 0.15703125 0.10625
0 0.38828125 0.66875 0.35703125 0.18359375
0 0.18828125 0.8296875 0.3765625 0.22890625