0 0.4453125 0.18828125 0.22109375 0.15
0 0.4625 0.29453125 0.1984375 0.1125
0 0.45546875 0.41640625 0.2015625 0.21328125
0 0.44765625 0.5453125 0.20703125 0.1375
0 0.4453125 0.690625 0.22109375 0.140625
0 0.44375 0.82578125 0.2140625 0.146875
0 0.4421875 0.93359375 0.2 0.125
0 0.60703125 0.121875 0.2 0.17578125
0 0.62734375 0.28359375 0.16328125 0.165625
0 0.621875 0.37890625 0.159375 0.125
0 0.6296875 0.540625 0.1828125 0.146875
0 0.6375 0.6828125 0.18046875 0.15
0 0.63515625 0.82109375 0.17890625 0.18203125
0 0.63515625 0.93984375 0.203125 0.11875
0 0.77578125 0.134375 0.171875 0.18828125
0 0.7703125 0.27578125 0.1578125 0.17578125
0 0.93046875 0.26328125 0.13828125 0.15
0 0.78125 0.42734375 0.16328125 0.159375
0 0.79765625 0.5265625 0.184375 0.15703125
0 0.815625 0.675 0.1859375 0.17890625
0 0.8078125 0.80390625 0.184375 0.153125
0 0.81484375 0.94140625 0.1875 0.109375
0 0.93125 0.43984375 0.13671875 0.18515625
0 0.93828125 0.58125 0.12265625 0.146875
0 0.94375 0.82578125 0.1125 0.165625