0 0.1453125 0.1359375 0.290625 0.271875
0 0.11796875 0.353125 0.23515625 0.27890625
0 0.2296875 0.57890625 0.42421875 0.1859375
0 0.14453125 0.74609375 0.28828125 0.1796875
0 0.13203125 0.884375 0.2640625 0.084375
0 0.5203125 0.1484375 0.4015625 0.296875
0 0.3859375 0.3703125 0.34609375 0.23828125
0 0.56484375 0.54921875 0.37109375 0.21328125
0 0.453125 0.74765625 0.37734375 0.25078125
0 0.85078125 0.11328125 0.290625 0.2265625
0 0.75 0.3484375 0.39921875 0.25078125
0 0.875 0.5546875 0.25 0.20625
0 0.73359375 0.74140625 0.4015625 0.23828125
0 0.72890625 0.8703125 0.33515625 0.11171875
0 0.928125 0.78203125 0.14296875 0.23203125