0 0.17578125 0.0875 0.3515625 0.15625
0 0.07890625 0.203125 0.1578125 0.1375
0 0.2765625 0.240625 0.2765625 0.15
0 0.48203125 0.05625 0.265625 0.1125
0 0.73359375 0.0453125 0.2578125 0.090625
0 0.67734375 0.1390625 0.22578125 0.140625
0 0.47734375 0.1875 0.2703125 0.1875
0 0.89375 0.1234375 0.21171875 0.159375
0 0.64609375 0.25625 0.2609375 0.13125
0 0.85625 0.253125 0.2015625 0.13125
0 0.9640625 0.2515625 0.071875 0.1125
0 0.165625 0.34453125 0.33125 0.14375
0 0.46015625 0.35234375 0.27421875 0.121875
0 0.696875 0.37734375 0.221875 0.146875
0 0.89453125 0.3640625 0.2109375 0.134375
0 0.0671875 0.44765625 0.13359375 0.1125
0 0.240625 0.46328125 0.27421875 0.1375
0 0.48203125 0.48359375 0.25703125 0.203125
0 0.8375 0.484375 0.325 0.125
0 0.8953125 0.59609375 0.20859375 0.18046875
0 0.6625 0.53828125 0.2984375 0.175
0 0.2796875 0.59609375 0.32734375 0.196875
0 0.075 0.5828125 0.14921875 0.1859375
0 0.1328125 0.75546875 0.265625 0.184375
0 0.39765625 0.73359375 0.303125 0.153125
0 0.634375 0.70078125 0.30703125 0.15625
0 0.9640625 0.72578125 0.071875 0.125
0 0.83828125 0.76171875 0.26328125 0.140625
0 0.09140625 0.88984375 0.18203125 0.134375
0 0.346875 0.87890625 0.31171875 0.125
0 0.640625 0.84765625 0.29375 0.1375