0 0.078125 0.03984375 0.15546875 0.0796875
0 0.075 0.12890625 0.14921875 0.12109375
0 0.06640625 0.23671875 0.1328125 0.1296875
0 0.078125 0.37109375 0.15546875 0.13515625
0 0.08359375 0.48984375 0.1671875 0.1171875
0 0.2578125 0.0484375 0.2078125 0.096875
0 0.24453125 0.13359375 0.23828125 0.1453125
0 0.25234375 0.2734375 0.2421875 0.13515625
0 0.26171875 0.39609375 0.2203125 0.096875
0 0.2734375 0.49375 0.22421875 0.10703125
0 0.465625 0.03203125 0.21875 0.0640625
0 0.46875 0.11484375 0.221875 0.12109375
0 0.4765625 0.240625 0.2265625 0.125
0 0.46796875 0.359375 0.21640625 0.125
0 0.4921875 0.47578125 0.21640625 0.11953125
0 0.48203125 0.5890625 0.2078125 0.11484375
0 0.08515625 0.59296875 0.16953125 0.09921875
0 0.275 0.60390625 0.21796875 0.109375
0 0.0828125 0.6890625 0.16484375 0.1203125
0 0.084375 0.790625 0.16796875 0.13359375
0 0.09765625 0.8953125 0.1953125 0.12890625
0 0.28125 0.7046875 0.2125 0.1015625
0 0.2875 0.803125 0.2125 0.1015625
0 0.290625 0.89375 0.20625 0.1234375
0 0.4921875 0.703125 0.203125 0.1171875
0 0.5015625 0.81875 0.215625 0.1203125
0 0.5015625 0.9 0.215625 0.1171875
0 0.6828125 0.021875 0.203125 0.04375
0 0.69375 0.103125 0.2125 0.1171875
0 0.721875 0.23203125 0.2125 0.13984375
0 0.690625 0.36171875 0.225 0.12734375
0 0.7140625 0.48125 0.209375 0.14296875
0 0.7015625 0.6015625 0.221875 0.1171875
0 0.7109375 0.7 0.215625 0.0984375
0 0.7078125 0.76796875 0.196875 0.0765625
0 0.7125 0.85859375 0.2 0.1109375
0 0.72734375 0.94921875 0.196875 0.1015625
0 0.8984375 0.03515625 0.203125 0.06953125
0 0.90625 0.115625 0.1875 0.1171875
0 0.915625 0.23046875 0.16796875 0.1234375
0 0.9 0.3421875 0.2 0.12421875
0 0.90625 0.45703125 0.1875 0.1078125
0 0.90625 0.56015625 0.1875 0.1046875
0 0.90625 0.66015625 0.18125 0.0953125
0 0.9046875 0.75234375 0.184375 0.1078125
0 0.909375 0.83828125 0.18125 0.0953125
0 0.9171875 0.9234375 0.16484375 0.0953125