0 0.07578125 0.12109375 0.15078125 0.1578125
0 0.0703125 0.29296875 0.13984375 0.1890625
0 0.0734375 0.478125 0.146875 0.1765625
0 0.06953125 0.634375 0.1390625 0.13125
0 0.05078125 0.76875 0.1015625 0.115625
0 0.04296875 0.875 0.0859375 0.10625
0 0.3140625 0.171875 0.31328125 0.20703125
0 0.31953125 0.3515625 0.32890625 0.1828125
0 0.2921875 0.5109375 0.39296875 0.1484375
0 0.29765625 0.64375 0.29765625 0.1421875
0 0.25546875 0.75703125 0.29765625 0.1328125
0 0.23515625 0.8703125 0.3015625 0.11796875
0 0.6234375 0.1625 0.31484375 0.20703125
0 0.628125 0.340625 0.30625 0.1671875
0 0.6234375 0.478125 0.284375 0.1953125
0 0.60703125 0.63125 0.2953125 0.1546875
0 0.56171875 0.75234375 0.3015625 0.1734375
0 0.54609375 0.87890625 0.3421875 0.10546875
0 0.8984375 0.140625 0.203125 0.1828125
0 0.89609375 0.3078125 0.2078125 0.1640625
0 0.88671875 0.46015625 0.2265625 0.1734375
0 0.87109375 0.60546875 0.25546875 0.2015625
0 0.853125 0.74765625 0.29375 0.1515625
0 0.8546875 0.87109375 0.290625 0.1140625