0 0.125 0.06875 0.24921875 0.1375
0 0.115625 0.209375 0.23046875 0.24296875
0 0.11875 0.428125 0.23671875 0.278125
0 0.1375 0.65 0.275 0.215625
0 0.34140625 0.1265625 0.2828125 0.25234375
0 0.6265625 0.12734375 0.32734375 0.2546875
0 0.8734375 0.0765625 0.253125 0.15234375
0 0.87734375 0.21328125 0.2453125 0.26328125
0 0.86015625 0.43984375 0.27890625 0.2265625
0 0.85390625 0.65546875 0.2921875 0.2015625
0 0.34140625 0.35078125 0.29375 0.2046875
0 0.64921875 0.35703125 0.31640625 0.21640625
0 0.38359375 0.58515625 0.31875 0.25703125
0 0.64140625 0.56171875 0.35234375 0.2046875
0 0.31796875 0.790625 0.32890625 0.24296875
0 0.6296875 0.771875 0.3125 0.2046875
0 0.15703125 0.84609375 0.3140625 0.17265625
0 0.83203125 0.8421875 0.33125 0.17578125