0 0.2859375 0.39921875 0.21015625 0.08046875
0 0.50546875 0.39921875 0.2390625 0.1125
0 0.69765625 0.41484375 0.16875 0.08671875
0 0.38515625 0.47890625 0.21484375 0.09921875
0 0.6 0.47109375 0.21953125 0.09609375
0 0.24765625 0.60703125 0.20546875 0.08046875
0 0.48359375 0.6328125 0.234375 0.09921875
0 0.31953125 0.6890625 0.24375 0.10234375
0 0.55390625 0.6921875 0.22890625 0.08359375
0 0.77734375 0.68125 0.2125 0.09921875
0 0.5015625 0.5578125 0.20234375 0.0703125
0 0.67109375 0.53359375 0.2078125 0.08046875
0 0.6890625 0.6125 0.2 0.09609375