0 0.08359375 0.0625 0.16640625 0.125
0 0.08671875 0.2765625 0.1734375 0.30390625
0 0.05859375 0.79453125 0.11640625 0.315625
0 0.29140625 0.22734375 0.36484375 0.36640625
0 0.1921875 0.5234375 0.27890625 0.26953125
0 0.640625 0.26953125 0.35078125 0.33828125
0 0.4859375 0.5375 0.3265625 0.29140625
0 0.29921875 0.78984375 0.3734375 0.29453125
0 0.903125 0.33046875 0.19296875 0.30390625
0 0.73125 0.1203125 0.26640625 0.23515625
0 0.76015625 0.571875 0.35234375 0.32265625
0 0.63828125 0.80546875 0.33359375 0.26953125
0 0.8984375 0.80390625 0.203125 0.26171875