0 0.76484375 0.7671875 0.4703125 0.1140625
0 0.87421875 0.66171875 0.2515625 0.1109375
0 0.740625 0.5578125 0.51796875 0.1359375
0 0.84609375 0.44296875 0.3078125 0.1015625
0 0.7359375 0.33671875 0.528125 0.1390625
0 0.85234375 0.22265625 0.2953125 0.13046875
0 0.26328125 0.10078125 0.45546875 0.14609375
0 0.66953125 0.1203125 0.42265625 0.12265625
0 0.60859375 0.03828125 0.26484375 0.07578125
0 0.38515625 0.23515625 0.740625 0.1375
0 0.25546875 0.33515625 0.49375 0.125
0 0.37734375 0.45625 0.66640625 0.13203125
0 0.26328125 0.56875 0.44921875 0.13203125
0 0.40859375 0.67421875 0.69296875 0.1484375
0 0.86875 0.86953125 0.2625 0.1046875
0 0.44140625 0.8671875 0.66328125 0.10859375
0 0.31796875 0.77890625 0.4640625 0.115625