0 0.15625 0.07890625 0.2984375 0.1578125
0 0.47578125 0.08671875 0.35703125 0.1734375
0 0.7828125 0.07890625 0.2828125 0.1578125
0 0.22109375 0.24140625 0.39765625 0.1734375
0 0.54296875 0.22578125 0.290625 0.1984375
0 0.83203125 0.23671875 0.3359375 0.17890625
0 0.1609375 0.40390625 0.30390625 0.21328125
0 0.46953125 0.40078125 0.40625 0.21953125
0 0.815625 0.40234375 0.30859375 0.1734375
0 0.1828125 0.5640625 0.365625 0.23125
0 0.5015625 0.57265625 0.30625 0.1796875
0 0.821875 0.55390625 0.35625 0.1921875
0 0.11875 0.73125 0.2375 0.2
0 0.4359375 0.72421875 0.41484375 0.1859375
0 0.76328125 0.72421875 0.284375 0.1859375
0 0.94765625 0.72109375 0.10234375 0.1671875
0 0.19453125 0.8671875 0.38828125 0.12421875
0 0.54609375 0.859375 0.31484375 0.1265625
0 0.83515625 0.8609375 0.3296875 0.1359375