0 0.075 0.04140625 0.14921875 0.0828125
0 0.078125 0.13203125 0.15546875 0.1109375
0 0.06640625 0.240625 0.1328125 0.128125
0 0.078125 0.36328125 0.15546875 0.1234375
0 0.0796875 0.484375 0.159375 0.115625
0 0.0828125 0.5953125 0.16484375 0.1046875
0 0.0859375 0.6875 0.17109375 0.1109375
0 0.0859375 0.7875 0.17109375 0.1203125
0 0.0953125 0.8921875 0.190625 0.1203125
0 0.2578125 0.0421875 0.2046875 0.084375
0 0.24296875 0.12890625 0.25078125 0.13046875
0 0.25390625 0.26953125 0.24140625 0.14609375
0 0.25859375 0.390625 0.2125 0.0953125
0 0.27109375 0.4921875 0.21875 0.1015625
0 0.27265625 0.6 0.221875 0.1015625
0 0.2828125 0.7046875 0.215625 0.1078125
0 0.2875 0.8015625 0.21875 0.07265625
0 0.290625 0.88125 0.2125 0.1046875
0 0.303125 0.97109375 0.20625 0.05703125
0 0.46953125 0.02890625 0.215625 0.05703125
0 0.46640625 0.1171875 0.215625 0.1140625
0 0.4796875 0.23359375 0.22890625 0.1234375
0 0.47265625 0.34765625 0.221875 0.1234375
0 0.4921875 0.478125 0.215625 0.1234375
0 0.4875 0.59375 0.21875 0.1203125
0 0.496875 0.696875 0.225 0.1171875
0 0.5 0.8078125 0.225 0.1109375
0 0.5046875 0.9 0.215625 0.0984375
0 0.6859375 0.096875 0.22890625 0.1234375
0 0.7171875 0.2234375 0.209375 0.1171875
0 0.6921875 0.36015625 0.203125 0.13671875
0 0.7109375 0.475 0.22890625 0.13046875
0 0.7 0.5921875 0.20625 0.1234375
0 0.709375 0.6984375 0.2125 0.1203125
0 0.709375 0.86015625 0.19375 0.12734375
0 0.73359375 0.95078125 0.209375 0.0984375
0 0.9 0.03515625 0.2 0.06953125
0 0.903125 0.115625 0.19375 0.1046875
0 0.91796875 0.22890625 0.1640625 0.1109375
0 0.9 0.34921875 0.2 0.12734375
0 0.9109375 0.46015625 0.178125 0.1015625
0 0.90625 0.55859375 0.1875 0.1140625
0 0.9046875 0.66328125 0.178125 0.0953125
0 0.9109375 0.74921875 0.178125 0.10234375
0 0.909375 0.83203125 0.18125 0.0890625
0 0.9171875 0.92734375 0.16484375 0.0890625