0 0.14453125 0.3203125 0.1203125 0.0890625
0 0.2515625 0.30703125 0.115625 0.07890625
0 0.3578125 0.309375 0.1078125 0.090625
0 0.13515625 0.40234375 0.0921875 0.08203125
0 0.21015625 0.396875 0.0875 0.090625
0 0.30234375 0.3859375 0.11015625 0.08515625
0 0.41328125 0.4 0.1171875 0.090625
0 0.1546875 0.4828125 0.1328125 0.08515625
0 0.13515625 0.5671875 0.10859375 0.08046875
0 0.14765625 0.6375 0.13046875 0.0734375
0 0.278125 0.4765625 0.12421875 0.0921875
0 0.23359375 0.55859375 0.1125 0.08515625
0 0.33125 0.5515625 0.10703125 0.075
0 0.2703125 0.6328125 0.11796875 0.0703125
0 0.378125 0.63125 0.10234375 0.07734375
0 0.38046875 0.47109375 0.1078125 0.0890625
0 0.43359375 0.55859375 0.11015625 0.08515625
0 0.4609375 0.325 0.10234375 0.10390625
0 0.5578125 0.3359375 0.08828125 0.10234375
0 0.51328125 0.40859375 0.0921875 0.08359375
0 0.4828125 0.48359375 0.09921875 0.08671875
0 0.53125 0.5609375 0.09765625 0.0734375
0 0.47734375 0.6296875 0.10078125 0.0703125
0 0.57265625 0.62890625 0.090625 0.071875
0 0.6453125 0.340625 0.0890625 0.0921875
0 0.59765625 0.42265625 0.0859375 0.0890625
0 0.5765625 0.490625 0.09140625 0.090625
0 0.6265625 0.56171875 0.0921875 0.071875
0 0.66015625 0.63125 0.08671875 0.0703125
0 0.6671875 0.48359375 0.08984375 0.090625
0 0.68203125 0.4125 0.0875 0.06171875
0 0.7265625 0.35 0.08125 0.0671875
0 0.803125 0.35390625 0.071875 0.05859375
0 0.76328125 0.4140625 0.0734375 0.065625
0 0.74609375 0.48515625 0.08203125 0.0734375
0 0.7109375 0.565625 0.0890625 0.0703125
0 0.790625 0.5609375 0.078125 0.08359375
0 0.74609375 0.634375 0.078125 0.0734375
0 0.8359375 0.41171875 0.06640625 0.0703125
0 0.82109375 0.48203125 0.065625 0.0734375
0 0.8640625 0.35703125 0.0515625 0.06171875
0 0.85546875 0.55390625 0.05390625 0.08671875
0 0.82265625 0.6328125 0.0609375 0.0671875