0 0.296875 0.4109375 0.59375 0.2125
0 0.221875 0.21484375 0.44375 0.2015625
0 0.31328125 0.0703125 0.6265625 0.140625
0 0.81015625 0.05859375 0.3796875 0.1171875
0 0.9703125 0.28515625 0.059375 0.1671875
0 0.69453125 0.20625 0.5765625 0.23046875
0 0.7890625 0.38203125 0.42109375 0.25078125
0 0.65078125 0.61171875 0.6015625 0.29296875
0 0.1890625 0.603125 0.378125 0.240625
0 0.30390625 0.78203125 0.58046875 0.24609375
0 0.02890625 0.7625 0.0578125 0.14921875
0 0.78671875 0.80703125 0.4265625 0.20625
0 0.95859375 0.63671875 0.0828125 0.321875