0 0.915625 0.1515625 0.16875 0.1125
0 0.74453125 0.19296875 0.1671875 0.08359375
0 0.91484375 0.26875 0.1703125 0.13828125
0 0.75390625 0.2765625 0.1859375 0.109375
0 0.91640625 0.36875 0.1671875 0.10390625
0 0.74140625 0.3859375 0.1859375 0.13515625
0 0.75078125 0.515625 0.23515625 0.1640625
0 0.74296875 0.60625 0.2375 0.11875
0 0.5671875 0.2734375 0.17578125 0.14140625
0 0.54765625 0.36796875 0.18359375 0.13828125
0 0.55 0.47890625 0.17578125 0.121875
0 0.92890625 0.48359375 0.1421875 0.13671875
0 0.9328125 0.6625 0.13359375 0.12890625
0 0.9203125 0.3859375 0.159375 0.109375
0 0.93046875 0.7765625 0.1390625 0.11875
0 0.359375 0.26640625 0.17578125 0.121875
0 0.3625 0.36015625 0.190625 0.09609375
0 0.36171875 0.4484375 0.1796875 0.1125
0 0.54765625 0.63125 0.18359375 0.20859375
0 0.5484375 0.74609375 0.18203125 0.115625
0 0.55546875 0.87578125 0.25 0.13828125
0 0.74296875 0.74453125 0.1859375 0.19609375
0 0.35703125 0.54296875 0.21796875 0.12890625
0 0.35 0.7296875 0.1859375 0.29609375
0 0.35546875 0.93046875 0.18359375 0.13828125
0 0.16875 0.37109375 0.15859375 0.09296875
0 0.1765625 0.47109375 0.16875 0.1
0 0.1515625 0.54765625 0.21796875 0.13203125
0 0.15078125 0.721875 0.2078125 0.25390625
0 0.14765625 0.8953125 0.209375 0.1125
0 0.64609375 0.09453125 0.12421875 0.09296875
0 0.4375 0.065625 0.11328125 0.08046875
0 0.53828125 0.1109375 0.1046875 0.0671875