0 0.096875 0.128125 0.19296875 0.1578125
0 0.1 0.2578125 0.2 0.14765625
0 0.11015625 0.40390625 0.21953125 0.12109375
0 0.1078125 0.50546875 0.21484375 0.115625
0 0.11015625 0.61484375 0.21953125 0.1453125
0 0.1015625 0.7390625 0.203125 0.13125
0 0.1 0.8609375 0.2 0.1296875
0 0.31484375 0.08203125 0.24453125 0.1640625
0 0.30625 0.2015625 0.253125 0.11796875
0 0.31640625 0.27734375 0.259375 0.08984375
0 0.334375 0.3734375 0.24609375 0.1265625
0 0.334375 0.465625 0.25546875 0.1765625
0 0.32890625 0.58671875 0.2578125 0.1328125
0 0.31171875 0.72265625 0.25546875 0.1515625
0 0.321875 0.8265625 0.2484375 0.21640625
0 0.53359375 0.07890625 0.25078125 0.1453125
0 0.54140625 0.18125 0.21328125 0.10859375
0 0.57578125 0.27421875 0.22890625 0.12109375
0 0.58125 0.38515625 0.2484375 0.10859375
0 0.58125 0.4703125 0.2578125 0.08046875
0 0.6015625 0.59296875 0.284375 0.1265625
0 0.59609375 0.6671875 0.27734375 0.1328125
0 0.5890625 0.76953125 0.26875 0.1328125
0 0.5703125 0.875 0.2578125 0.10859375
0 0.73515625 0.06015625 0.2046875 0.1203125
0 0.76328125 0.1546875 0.23125 0.11796875
0 0.79140625 0.27421875 0.25078125 0.1765625
0 0.81796875 0.3328125 0.2328125 0.1578125
0 0.91015625 0.06015625 0.1765625 0.1203125
0 0.83828125 0.478125 0.2328125 0.1515625
0 0.86796875 0.6421875 0.2484375 0.1578125
0 0.859375 0.76328125 0.2578125 0.1328125
0 0.8609375 0.87578125 0.26640625 0.11796875
0 0.92890625 0.12265625 0.13125 0.10234375
0 0.93671875 0.23359375 0.1265625 0.1328125