0 0.09609375 0.08203125 0.1921875 0.1640625
0 0.390625 0.08203125 0.3828125 0.1640625
0 0.16796875 0.40859375 0.2671875 0.1734375
0 0.38515625 0.52109375 0.40234375 0.20546875
0 0.753125 0.09453125 0.428125 0.15078125
0 0.6921875 0.26171875 0.4296875 0.18984375
0 0.2984375 0.24296875 0.40859375 0.1640625
0 0.0515625 0.20859375 0.10234375 0.1546875
0 0.36171875 0.37578125 0.1671875 0.13515625
0 0.55703125 0.39375 0.21640625 0.11875
0 0.78515625 0.41484375 0.25234375 0.1609375
0 0.95 0.42890625 0.09921875 0.13203125
0 0.94453125 0.29375 0.109375 0.11875
0 0.7453125 0.53046875 0.3875 0.1734375
0 0.22109375 0.6828125 0.3703125 0.1703125
0 0.60078125 0.6796875 0.39765625 0.18984375
0 0.8984375 0.68125 0.18359375 0.20546875
0 0.08984375 0.53671875 0.1796875 0.1609375
0 0.13046875 0.8453125 0.2609375 0.1609375
0 0.45703125 0.840625 0.4171875 0.15078125
0 0.81953125 0.85 0.346875 0.13828125
0 0.26171875 0.9640625 0.43828125 0.07109375
0 0.678125 0.9578125 0.4109375 0.07734375
0 0.94296875 0.959375 0.10234375 0.07421875