0 0.13984375 0.32421875 0.1125 0.0828125
0 0.25078125 0.31328125 0.11015625 0.0796875
0 0.35859375 0.31953125 0.1046875 0.0921875
0 0.46171875 0.33671875 0.1046875 0.0953125
0 0.559375 0.33671875 0.090625 0.0953125
0 0.6453125 0.34453125 0.08515625 0.0859375
0 0.728125 0.35 0.0828125 0.0703125
0 0.21328125 0.39609375 0.0875 0.0859375
0 0.3015625 0.3890625 0.1046875 0.0921875
0 0.4109375 0.39921875 0.1125 0.0921875
0 0.509375 0.41171875 0.09140625 0.0859375
0 0.59609375 0.41640625 0.08671875 0.0828125
0 0.6828125 0.41171875 0.0828125 0.0734375
0 0.76484375 0.41640625 0.06953125 0.06328125
0 0.153125 0.48828125 0.125 0.0921875
0 0.27578125 0.4765625 0.128125 0.0890625
0 0.3796875 0.471875 0.0984375 0.0859375
0 0.4796875 0.48671875 0.09921875 0.0765625
0 0.57578125 0.49765625 0.090625 0.0859375
0 0.66484375 0.48828125 0.0875 0.0921875
0 0.7453125 0.4828125 0.0796875 0.0828125
0 0.82265625 0.478125 0.06484375 0.0796875
0 0.12890625 0.5671875 0.103125 0.0796875
0 0.2296875 0.5546875 0.1109375 0.0921875
0 0.32890625 0.55 0.1046875 0.0828125
0 0.428125 0.5515625 0.10234375 0.0921875
0 0.53203125 0.5609375 0.0953125 0.0734375
0 0.6265625 0.5671875 0.08515625 0.0734375
0 0.7109375 0.56875 0.0890625 0.0703125
0 0.7921875 0.5578125 0.0734375 0.0859375
0 0.14765625 0.6421875 0.1203125 0.0703125
0 0.26953125 0.6359375 0.11640625 0.0703125
0 0.37734375 0.63125 0.0953125 0.06640625
0 0.47734375 0.63125 0.09921875 0.06640625
0 0.5734375 0.63125 0.09296875 0.06015625
0 0.66015625 0.6328125 0.08671875 0.0703125
0 0.74609375 0.6328125 0.07734375 0.0703125
0 0.82265625 0.6296875 0.06484375 0.06328125